start=882.215549
speed=1.948717
