start=2021.333333
speed=1.948717
