start=315.840000
ab-loop-a=313.480000
ab-loop-b=319.880000
