start=2353.665865
speed=1.948717
