start=959.000000
pause=yes
panscan=0.300000
sid=no
sub-delay=-0.100000
