start=37.708000
speed=1.610510
pause=yes
