start=1.432380
volume=96.000000
